xActor_anubis1 _ skinned_mesh xActor_anubis1Shape anubis
Hips_1 xActor_anubis1 _ 0.523024 0.852066 -0.020733 0.000000 -0.851957 0.523356 0.016374 0.000000 0.024803 0.009099 0.999651 0.000000 -47.827641 -13.623940 31.250410 1.000000 0.523024 -0.851957 0.024803 0.000000 0.852066 0.523356 0.009099 0.000000 -0.020733 0.016374 0.999651 0.000000 37.271420 -34.128620 -29.929279 1.000000
Spine_1 Hips_1 _ 0.812504 0.582266 -0.028340 0.000000 -0.582332 0.812923 0.006719 0.000000 0.026950 0.011044 0.999576 0.000000 0.028294 0.000000 0.000000 1.000000 -0.071809 -0.996983 0.029478 0.000000 0.996781 -0.070675 0.037839 0.000000 -0.035642 0.032101 0.998849 0.000000 11.236480 -49.632900 -29.289801 1.000000
Spine3 Spine_1 _ 0.999537 -0.030384 0.001355 0.000000 0.030379 0.999533 0.003418 0.000000 -0.001458 -0.003375 0.999993 0.000000 0.165767 0.000000 0.000000 1.000000 -0.041443 -0.998598 0.032948 0.000000 0.998519 -0.040231 0.036624 0.000000 -0.035247 0.034417 0.998786 0.000000 12.533960 -49.373482 -29.138229 1.000000
Spine4 Spine3 _ 0.993953 0.107682 0.021495 0.000000 -0.107720 0.994181 0.000606 0.000000 -0.021305 -0.002917 0.999769 0.000000 0.135389 0.000000 0.000000 1.000000 -0.148016 -0.988303 0.036736 0.000000 0.988936 -0.147536 0.015460 0.000000 -0.009859 0.038618 0.999205 0.000000 6.380610 -50.439400 -29.251600 1.000000
RightShoulder_1 Spine4 _ -0.302688 0.284451 0.909653 0.000000 0.253780 0.944023 -0.210753 0.000000 -0.918682 0.167059 -0.357933 0.000000 0.150848 0.000000 0.000000 1.000000 -0.202903 -0.978286 -0.042275 0.000000 -0.327243 0.108437 -0.938698 0.000000 0.922899 -0.176631 -0.342139 0.000000 -42.841980 -39.870110 -3.679442 1.000000
RightArm_1 RightShoulder_1 _ 0.529144 -0.285300 0.799131 0.000000 0.747691 0.602063 -0.280139 0.000000 -0.401204 0.745737 0.531894 0.000000 0.218670 0.003453 -0.006398 1.000000 0.137956 -0.728856 -0.670624 0.000000 -0.954238 0.083575 -0.287132 0.000000 0.265325 0.679547 -0.683972 0.000000 -14.344620 -55.173500 -14.412790 1.000000
RightArmRoll_1 RightArm_1 _ 0.998082 -0.061837 -0.002987 0.000000 0.047358 0.731536 0.680156 0.000000 -0.039874 -0.678993 0.733061 0.000000 0.178522 0.000180 0.002026 1.000000 0.184765 -0.982780 -0.002222 0.000000 -0.956718 -0.179347 -0.229183 0.000000 0.224838 0.044471 -0.973381 0.000000 -11.040450 -50.853661 27.474670 1.000000
RightForeArm_1 RightArmRoll_1 _ 0.366229 -0.928669 -0.058736 0.000000 0.854213 0.310491 0.417033 0.000000 -0.369049 -0.202902 0.906991 0.000000 0.151237 0.002376 -0.000169 1.000000 0.980474 -0.148242 0.129206 0.000000 -0.170363 -0.968503 0.181599 0.000000 0.098215 -0.200065 -0.974847 0.000000 41.515949 -13.892480 39.368542 1.000000
RightForeArmRoll_1 RightForeArm_1 _ 0.987814 -0.120150 0.098928 0.000000 0.137063 0.972707 -0.187227 0.000000 -0.073733 0.198505 0.977322 0.000000 0.117803 0.002431 0.002844 1.000000 0.999120 -0.034001 0.024556 0.000000 -0.033956 -0.999421 -0.002211 0.000000 0.024617 0.001375 -0.999696 0.000000 46.457520 -15.211870 32.662380 1.000000
anubis_anubis_weapon2 RightForeArmRoll_1 mesh anubis_anubis_weaponShape2 anubis_weapon_mat 0.999645 -0.004931 -0.026194 0.000000 -0.004144 -0.999541 0.030008 0.000000 -0.026330 -0.029889 -0.999206 0.000000 0.191406 -0.180750 0.002562 1.000000 1.000000 0.000000 0.000000 0.000000 0.000000 1.000000 0.000000 0.000000 0.000000 0.000000 1.000000 0.000000 0.000000 0.000000 0.000000 1.000000
anubis_weapon_top1 anubis_anubis_weapon2 mesh anubis_weapon_topShape1 anubis_weapon_mat 1.000000 0.000000 0.000000 0.000000 0.000000 1.000000 0.000000 0.000000 0.000000 0.000000 1.000000 0.000000 0.000000 0.000000 0.000000 1.000000 1.000000 0.000000 0.000000 0.000000 0.000000 1.000000 0.000000 0.000000 0.000000 0.000000 1.000000 0.000000 0.000000 0.000000 0.000000 1.000000
LeftShoulder_1 Spine4 _ -0.365607 0.199058 -0.909235 0.000000 0.087647 0.979886 0.179283 0.000000 0.926633 -0.014144 -0.375700 0.000000 0.150848 0.000000 0.000000 1.000000 -0.176016 -0.974810 -0.136979 0.000000 -0.404987 -0.055119 0.912660 0.000000 -0.897220 0.216118 -0.385083 0.000000 14.278540 -54.123131 17.475969 1.000000
LeftArm_1 LeftShoulder_1 _ 0.498722 -0.111298 -0.859587 0.000000 0.710957 0.619805 0.332237 0.000000 0.495799 -0.776823 0.388238 0.000000 0.225355 -0.001464 0.010706 1.000000 0.138457 -0.774842 0.616806 0.000000 -0.980351 -0.018872 0.196356 0.000000 -0.140504 -0.631873 -0.762230 0.000000 -1.980646 -17.751060 55.791210 1.000000
LeftArmRoll_1 LeftArm_1 _ 0.998796 0.043789 -0.022111 0.000000 -0.048179 0.960460 -0.274219 0.000000 0.009229 0.274954 0.961413 0.000000 0.155852 -0.000106 0.003821 1.000000 0.090722 -0.920015 0.381237 0.000000 -0.984339 -0.024738 0.174542 0.000000 -0.151150 -0.391101 -0.907851 0.000000 -4.144750 -32.244122 48.734299 1.000000
LeftForeArm_1 LeftArmRoll_1 _ 0.937647 -0.323677 0.126693 0.000000 0.347125 0.890808 -0.293198 0.000000 -0.017958 0.318895 0.947620 0.000000 0.152307 0.000024 0.004192 1.000000 0.431154 -0.899843 0.066251 0.000000 -0.892842 -0.414901 0.175188 0.000000 -0.130154 -0.134684 -0.982304 0.000000 12.581360 -44.502522 35.972309 1.000000
Neck_1 Spine4 _ 0.996381 -0.082923 -0.018674 0.000000 0.081967 0.995516 -0.047217 0.000000 0.022505 0.045515 0.998710 0.000000 0.150848 0.000000 0.000000 1.000000 -0.066213 -0.997738 -0.011625 0.000000 0.997302 -0.066545 0.030981 0.000000 -0.031685 -0.009542 0.999452 0.000000 10.936060 -48.321430 -31.369431 1.000000
Head_1 Neck_1 _ 0.980046 -0.195255 0.037224 0.000000 0.194645 0.980682 0.019385 0.000000 -0.040290 -0.011753 0.999119 0.000000 0.116321 -0.001374 0.000959 1.000000 0.129489 -0.991577 0.002779 0.000000 0.991548 0.129461 -0.008446 0.000000 0.008015 0.003849 0.999960 0.000000 18.870831 -45.888729 -31.210779 1.000000
LeftUpLeg_1 Hips_1 _ -0.718854 -0.694998 0.015023 0.000000 -0.694544 0.718959 0.026582 0.000000 -0.029275 0.008674 -0.999534 0.000000 -0.057654 0.003883 -0.098979 1.000000 0.216503 -0.975126 -0.047492 0.000000 -0.976106 -0.215284 -0.029500 0.000000 0.018542 0.052744 -0.998436 0.000000 -3.560270 -51.259491 28.427521 1.000000
LeftUpLegRoll_1 LeftUpLeg_1 _ 0.997632 0.068475 0.006514 0.000000 -0.068714 0.987886 0.139140 0.000000 0.003093 -0.139258 0.990251 0.000000 0.223006 -0.000001 0.000001 1.000000 0.148909 -0.984798 0.089434 0.000000 -0.988728 -0.149708 -0.002251 0.000000 0.015606 -0.088091 -0.995990 0.000000 -7.099140 -46.423161 35.276981 1.000000
LeftLeg_1 LeftUpLegRoll_1 _ 0.933128 0.359354 0.011659 0.000000 -0.359539 0.932465 0.035217 0.000000 0.001784 -0.037053 0.999312 0.000000 0.256205 0.001140 0.000020 1.000000 -0.213897 -0.968679 0.126128 0.000000 -0.976434 0.215809 0.001534 0.000000 -0.028705 -0.122828 -0.992013 0.000000 -23.134960 -39.402168 36.959728 1.000000
LeftLegRoll_1 LeftLeg_1 _ 0.998194 0.059990 0.003100 0.000000 -0.058801 0.986354 -0.153777 0.000000 -0.012283 0.153317 0.988101 0.000000 0.304758 0.003337 -0.000291 1.000000 -0.271231 -0.962279 -0.021260 0.000000 -0.961720 0.270044 0.046596 0.000000 -0.039097 0.033085 -0.998688 0.000000 -25.646770 -43.173130 30.766581 1.000000
LeftFoot_1 LeftLegRoll_1 _ 0.403397 -0.913604 0.050971 0.000000 0.904734 0.389910 -0.171543 0.000000 0.136848 0.115315 0.983857 0.000000 0.119272 0.004035 -0.000058 1.000000 0.768645 -0.616947 -0.169000 0.000000 -0.632293 -0.772801 -0.054626 0.000000 -0.096902 0.148845 -0.984101 0.000000 30.621111 -45.424400 21.764971 1.000000
RightUpLeg_1 Hips_1 _ -0.775694 -0.631109 -0.000613 0.000000 -0.630779 0.775320 -0.031576 0.000000 0.020403 -0.024107 -0.999501 0.000000 -0.057206 0.004207 0.110755 1.000000 0.131956 -0.991235 0.006419 0.000000 -0.991242 -0.131985 -0.004326 0.000000 0.005136 -0.005792 -0.999970 0.000000 -7.395638 -49.061420 31.609520 1.000000
RightUpLegRoll_1 RightUpLeg_1 _ 0.995818 0.091026 -0.007802 0.000000 -0.091193 0.985220 -0.144999 0.000000 -0.005512 0.145104 0.989401 0.000000 0.236662 -0.000001 0.000000 1.000000 0.041126 -0.989549 -0.138208 0.000000 -0.999077 -0.039012 -0.017968 0.000000 0.012388 0.138820 -0.990240 0.000000 -12.312860 -52.223640 24.197540 1.000000
RightLeg_1 RightUpLegRoll_1 _ 0.983069 0.183088 -0.007291 0.000000 -0.183211 0.982794 -0.023450 0.000000 0.002873 0.024389 0.999698 0.000000 0.271130 0.000129 -0.000003 1.000000 -0.139738 -0.976816 -0.162183 0.000000 -0.989174 0.145122 -0.021784 0.000000 0.044815 0.157383 -0.986520 0.000000 -22.108940 -49.587120 22.880400 1.000000
RightLegRoll_1 RightLeg_1 _ 0.996963 0.077756 0.004340 0.000000 -0.077602 0.987217 0.139210 0.000000 0.006540 -0.139124 0.990253 0.000000 0.274649 0.000294 0.000019 1.000000 -0.215971 -0.976064 -0.025617 0.000000 -0.974980 0.216997 -0.048231 0.000000 0.052635 0.014560 -0.998508 0.000000 -26.072050 -44.031361 29.409790 1.000000
RightFoot_1 RightLegRoll_1 _ 0.493492 -0.866907 -0.070274 0.000000 0.869063 0.494702 0.000226 0.000000 0.034569 -0.061184 0.997528 0.000000 0.107412 0.004632 -0.000093 1.000000 0.741376 -0.670559 0.026699 0.000000 -0.665872 -0.739981 -0.095093 0.000000 0.083522 0.052721 -0.995110 0.000000 23.188971 -44.529640 31.126471 1.000000
skir_R_root Hips_1 _ -0.887247 -0.444429 0.123595 0.000000 -0.149548 0.530580 0.834338 0.000000 -0.436381 0.721780 -0.537219 0.000000 -0.122377 0.106574 0.056392 1.000000 -0.082351 -0.509555 -0.856488 0.000000 -0.987463 0.157850 0.001034 0.000000 0.134669 0.845835 -0.516166 0.000000 -21.668449 -48.774879 -24.919359 1.000000
skir_R_jnt1 skir_R_root _ 0.997030 -0.073032 0.024433 0.000000 0.062115 0.950180 0.305451 0.000000 -0.045524 -0.303026 0.951894 0.000000 0.204697 0.000000 0.000000 1.000000 -0.065819 -0.750899 -0.657129 0.000000 -0.996033 0.088965 -0.001895 0.000000 0.059884 0.654397 -0.753776 0.000000 -18.854900 -55.315201 -7.944784 1.000000
skirt_R_jnt2 skir_R_jnt1 _ -0.065120 -0.751069 -0.657004 0.000000 -0.996262 0.086380 0.000000 0.000000 0.056752 0.654548 -0.753887 0.000000 0.209121 0.000000 0.000000 1.000000 1.000000 0.000711 0.000165 0.000000 -0.000711 0.999995 0.003134 0.000000 -0.000163 -0.003134 0.999995 0.000000 48.006760 14.214660 -31.298920 1.000000
skir_L_root Hips_1 _ -0.866086 -0.480363 -0.138373 0.000000 -0.033604 0.332124 -0.942637 0.000000 0.498765 -0.811755 -0.303790 0.000000 -0.119664 0.104431 -0.074435 1.000000 -0.047167 -0.323911 0.944911 0.000000 -0.990622 0.136608 -0.002620 0.000000 -0.128234 -0.936173 -0.327316 0.000000 -11.808460 15.516180 55.507790 1.000000
skir_L_jnt1 skir_L_root _ 0.994404 -0.086602 -0.060510 0.000000 0.001182 0.581841 -0.813302 0.000000 0.105640 0.808679 0.578687 0.000000 0.209310 0.000000 0.000000 1.000000 -0.076028 -0.957018 0.279885 0.000000 -0.996750 0.080444 0.004307 0.000000 -0.026637 -0.278648 -0.960024 0.000000 -16.653009 -36.130871 43.399670 1.000000
skir_L_jnt2 skir_L_jnt1 _ -0.077191 -0.957022 0.279554 0.000000 -0.996763 0.080396 0.000000 0.000000 -0.022475 -0.278649 -0.960130 0.000000 0.221885 0.000000 0.000000 1.000000 0.999999 -0.001159 -0.000345 0.000000 0.001157 0.999991 -0.004149 0.000000 0.000350 0.004148 0.999991 0.000000 48.013168 13.915480 -31.222231 1.000000
xActor_anubis2 _ skinned_mesh xActor_anubis2Shape anubis
anubis_Hips_3 xActor_anubis2 _ 0.503677 0.863687 -0.018810 0.000000 -0.863509 0.503983 0.018800 0.000000 0.025717 0.006773 0.999646 0.000000 -47.964119 -13.627300 35.994881 1.000000 0.503677 -0.863509 0.025717 0.000000 0.863687 0.503983 0.006773 0.000000 -0.018810 0.018800 0.999646 0.000000 36.605209 -35.226219 -34.656368 1.000000
anubis_Spine_3 anubis_Hips_3 _ 0.812503 0.582265 -0.028407 0.000000 -0.582331 0.812924 0.006719 0.000000 0.027004 0.011083 0.999574 0.000000 0.028294 0.000000 0.000000 1.000000 -0.094282 -0.995101 0.029737 0.000000 0.995007 -0.093207 0.035680 0.000000 -0.032733 0.032952 0.998921 0.000000 10.192340 -50.168949 -34.044281 1.000000
anubis_Spine7 anubis_Spine_3 _ 0.999537 -0.030384 0.001355 0.000000 0.030379 0.999533 0.003418 0.000000 -0.001458 -0.003375 0.999993 0.000000 0.165767 0.000000 -0.000000 1.000000 -0.063963 -0.997399 0.033233 0.000000 0.997427 -0.062813 0.034543 0.000000 -0.032366 0.035357 0.998851 0.000000 11.500160 -49.957260 -33.889351 1.000000
anubis_Spine8 anubis_Spine7 _ 0.993945 0.107681 0.021850 0.000000 -0.107720 0.994181 0.000606 0.000000 -0.021657 -0.002956 0.999761 0.000000 0.135389 0.000000 0.000000 1.000000 -0.170250 -0.984685 0.037558 0.000000 0.985379 -0.169870 0.013119 0.000000 -0.006538 0.039242 0.999208 0.000000 5.176029 -50.911301 -33.979729 1.000000
anubis_LeftShoulder_3 anubis_Spine8 _ -0.365607 0.199057 -0.909235 0.000000 0.087648 0.979886 0.179280 0.000000 0.926633 -0.014147 -0.375700 0.000000 0.150848 0.000000 0.000000 1.000000 -0.167912 -0.973068 -0.157940 0.000000 -0.406004 -0.077734 0.910559 0.000000 -0.898313 0.217018 -0.382016 0.000000 18.924070 -55.538712 18.142929 1.000000
anubis_LeftArm_3 anubis_LeftShoulder_3 _ 0.498722 -0.111298 -0.859587 0.000000 0.710957 0.619805 0.332237 0.000000 0.495799 -0.776823 0.388238 0.000000 0.225355 -0.001464 0.010706 1.000000 0.160322 -0.774964 0.611333 0.000000 -0.976536 -0.034310 0.212604 0.000000 -0.143786 -0.631073 -0.762281 0.000000 -0.079576 -15.104070 59.453060 1.000000
anubis_LeftArmRoll_3 anubis_LeftArm_3 _ 0.998784 0.044228 -0.021802 0.000000 -0.048516 0.960442 -0.274222 0.000000 0.008811 0.274947 0.961419 0.000000 0.155852 -0.000106 0.003820 1.000000 0.112524 -0.919727 0.376086 0.000000 -0.981501 -0.043876 0.186363 0.000000 -0.154902 -0.390099 -0.907650 0.000000 -2.199290 -30.797371 53.000778 1.000000
anubis_LeftForeArm_3 anubis_LeftArmRoll_3 _ 0.937647 -0.323677 0.126693 0.000000 0.347125 0.890808 -0.293198 0.000000 -0.017958 0.318895 0.947620 0.000000 0.152307 0.000024 0.004192 1.000000 0.450850 -0.890508 0.061070 0.000000 -0.882489 -0.434429 0.180236 0.000000 -0.133971 -0.135153 -0.981726 0.000000 14.477760 -43.789360 40.441738 1.000000
anubis_RightShoulder_3 anubis_Spine8 _ -0.302688 0.284447 0.909653 0.000000 0.253779 0.944024 -0.210749 0.000000 -0.918682 0.167059 -0.357932 0.000000 0.150848 0.000000 0.000000 1.000000 -0.194393 -0.980687 -0.021538 0.000000 -0.334648 0.086942 -0.938324 0.000000 0.922075 -0.175196 -0.345086 0.000000 -46.912418 -39.624989 -0.959316 1.000000
anubis_RightArm_3 anubis_RightShoulder_3 _ 0.529144 -0.285300 0.799131 0.000000 0.747691 0.602063 -0.280139 0.000000 -0.401204 0.745737 0.531894 0.000000 0.218670 0.003453 -0.006398 1.000000 0.159716 -0.729748 -0.664800 0.000000 -0.951726 0.064992 -0.299991 0.000000 0.262124 0.680620 -0.684139 0.000000 -14.394660 -58.831371 -11.150100 1.000000
anubis_RightArmRoll_3 anubis_RightArm_3 _ 0.998047 -0.062407 -0.002647 0.000000 0.047545 0.731514 0.680167 0.000000 -0.040511 -0.678965 0.733052 0.000000 0.178521 0.000180 0.002026 1.000000 0.206705 -0.978402 0.001670 0.000000 -0.953129 -0.201751 -0.225481 0.000000 0.220948 0.045016 -0.974246 0.000000 -10.843690 -51.314259 32.359840 1.000000
anubis_RightForeArm_3 anubis_RightArmRoll_3 _ 0.366227 -0.928657 -0.058945 0.000000 0.854239 0.310409 0.417040 0.000000 -0.368990 -0.203084 0.906975 0.000000 0.151237 0.002376 -0.000169 1.000000 0.984202 -0.126432 0.123941 0.000000 -0.148413 -0.970860 0.188162 0.000000 0.096539 -0.203584 -0.974286 0.000000 41.721432 -11.826020 43.828339 1.000000
anubis_RightForeArmRoll_3 anubis_RightForeArm_3 _ 0.987837 -0.119815 0.099106 0.000000 0.136772 0.972741 -0.187266 0.000000 -0.073967 0.198543 0.977297 0.000000 0.117803 0.002431 0.002844 1.000000 0.999663 -0.011585 0.023226 0.000000 -0.011637 -0.999930 0.002110 0.000000 0.023200 -0.002380 -0.999728 0.000000 46.858189 -14.022830 37.404789 1.000000
wepon2_handle1 anubis_RightForeArmRoll_3 mesh wepon2_handle1Shape anubis_weapon_mat 0.104529 0.004633 -0.994511 0.000000 -0.021590 -0.999743 -0.006927 0.000000 -0.994287 0.022196 -0.104402 0.000000 0.183263 -0.219464 0.001614 1.000000 1.000000 0.000000 0.000000 0.000000 0.000000 1.000000 0.000000 0.000000 0.000000 0.000000 1.000000 0.000000 0.000000 0.000000 0.000000 1.000000
weapon2_top wepon2_handle1 mesh weapon2_topShape anubis_weapon_mat 1.000000 0.000000 0.000000 0.000000 0.000000 1.000000 0.000000 0.000000 0.000000 0.000000 1.000000 0.000000 0.000000 3.231984 0.000000 1.000000 1.000000 0.000000 0.000000 0.000000 0.000000 1.000000 0.000000 0.000000 0.000000 0.000000 1.000000 0.000000 0.000000 0.000000 0.000000 1.000000
anubis_Neck_3 anubis_Spine8 _ 0.996381 -0.082923 -0.018674 0.000000 0.081967 0.995516 -0.047217 0.000000 0.022505 0.045515 0.998710 0.000000 0.150848 0.000000 0.000000 1.000000 -0.088682 -0.995998 -0.011140 0.000000 0.995654 -0.088960 0.027547 0.000000 -0.028428 -0.008649 0.999558 0.000000 9.863265 -48.666698 -36.140049 1.000000
anubis_Head_3 anubis_Neck_3 _ 0.980049 -0.195255 0.037136 0.000000 0.194646 0.980682 0.019384 0.000000 -0.040204 -0.011769 0.999122 0.000000 0.116321 -0.001374 0.000959 1.000000 0.107147 -0.994235 0.004156 0.000000 0.994183 0.107093 -0.011460 0.000000 0.010948 0.005360 0.999926 0.000000 17.712481 -46.528549 -35.928421 1.000000
anubis_LeftUpLeg_3 anubis_Hips_3 _ -0.718854 -0.694995 0.015218 0.000000 -0.694540 0.718964 0.026544 0.000000 -0.029389 0.008512 -0.999532 0.000000 -0.057654 0.003883 -0.098979 1.000000 0.238455 -0.969974 -0.047858 0.000000 -0.971027 -0.237340 -0.027863 0.000000 0.015668 0.053115 -0.998465 0.000000 -2.396381 -51.710312 33.163841 1.000000
anubis_LeftUpLegRoll_3 anubis_LeftUpLeg_3 _ 0.997630 0.068476 0.006794 0.000000 -0.068755 0.987895 0.139058 0.000000 0.002810 -0.139195 0.990261 0.000000 0.223006 -0.000001 0.000001 1.000000 0.171145 -0.981282 0.088294 0.000000 -0.985167 -0.171578 0.002716 0.000000 0.012484 -0.087449 -0.996091 0.000000 -5.928769 -46.292549 40.031319 1.000000
anubis_LeftLeg_3 anubis_LeftUpLegRoll_3 _ 0.933168 0.359255 0.011575 0.000000 -0.359436 0.932504 0.035235 0.000000 0.001865 -0.037041 0.999312 0.000000 0.256205 0.001140 0.000020 1.000000 -0.191801 -0.973454 0.124900 0.000000 -0.980935 0.194203 0.007233 0.000000 -0.031296 -0.121131 -0.992143 0.000000 -21.939489 -39.535450 41.706970 1.000000
anubis_LeftLegRoll_3 anubis_LeftLeg_3 _ 0.998188 0.060077 0.003371 0.000000 -0.058846 0.986359 -0.153731 0.000000 -0.012561 0.153254 0.988107 0.000000 0.304758 0.003337 -0.000291 1.000000 -0.249514 -0.968089 -0.023362 0.000000 -0.967466 0.248166 0.049230 0.000000 -0.041862 0.034885 -0.998514 0.000000 -24.438700 -44.102150 35.431179 1.000000
anubis_LeftFoot_3 anubis_LeftLegRoll_3 _ 0.403237 -0.913677 0.050931 0.000000 0.904791 0.389750 -0.171605 0.000000 0.136941 0.115279 0.983849 0.000000 0.119272 0.004035 -0.000058 1.000000 0.782718 -0.599062 -0.168754 0.000000 -0.614354 -0.787080 -0.055442 0.000000 -0.099610 0.147070 -0.984098 0.000000 32.200668 -45.490379 26.411440 1.000000
anubis_RightUpLeg_3 anubis_Hips_3 _ -0.775707 -0.631092 -0.000753 0.000000 -0.630760 0.775337 -0.031541 0.000000 0.020489 -0.023991 -0.999502 0.000000 -0.057206 0.004207 0.110755 1.000000 0.154228 -0.988021 0.005333 0.000000 -0.988033 -0.154236 -0.001165 0.000000 0.001973 -0.005089 -0.999985 0.000000 -6.179475 -49.344051 36.346218 1.000000
anubis_RightUpLegRoll_3 anubis_RightUpLeg_3 _ 0.995820 0.090972 -0.008103 0.000000 -0.091184 0.985230 -0.144942 0.000000 -0.005202 0.145075 0.989407 0.000000 0.236662 -0.000001 0.000000 1.000000 0.063658 -0.988263 -0.138863 0.000000 -0.997926 -0.061697 -0.018389 0.000000 0.009605 0.139746 -0.990141 0.000000 -11.172770 -53.298248 28.836000 1.000000
anubis_RightLeg_3 anubis_RightUpLegRoll_3 _ 0.983079 0.183035 -0.007319 0.000000 -0.183158 0.982804 -0.023452 0.000000 0.002901 0.024396 0.999698 0.000000 0.271130 0.000129 -0.000003 1.000000 -0.117289 -0.979672 -0.162746 0.000000 -0.992198 0.122574 -0.022783 0.000000 0.042268 0.158805 -0.986405 0.000000 -21.216780 -50.962070 27.493820 1.000000
anubis_RightLegRoll_3 anubis_RightLeg_3 _ 0.996940 0.078050 0.004330 0.000000 -0.077892 0.987196 0.139201 0.000000 0.006591 -0.139112 0.990255 0.000000 0.274649 0.000294 0.000019 1.000000 -0.194098 -0.980647 -0.025649 0.000000 -0.979694 0.195117 -0.046152 0.000000 0.050263 0.016170 -0.998605 0.000000 -25.284250 -44.808681 34.173721 1.000000
anubis_RightFoot_3 anubis_RightLegRoll_3 _ 0.493355 -0.866989 -0.070217 0.000000 0.869145 0.494557 0.000303 0.000000 0.034463 -0.061178 0.997532 0.000000 0.107412 0.004632 -0.000093 1.000000 0.756252 -0.653693 0.027719 0.000000 -0.649260 -0.755013 -0.091738 0.000000 0.080897 0.051380 -0.995397 0.000000 23.925970 -44.221409 35.955990 1.000000
anubis_skirt2_L_root anubis_Hips_3 _ -0.890549 -0.451303 -0.056988 0.000000 -0.286310 0.653456 -0.700729 0.000000 0.353481 -0.607718 -0.711147 0.000000 -0.117286 0.113395 -0.071410 1.000000 -0.061386 -0.726155 0.684786 0.000000 -0.996548 0.083013 -0.001305 0.000000 -0.055899 -0.682502 -0.728743 0.000000 -14.570480 -9.288944 59.118240 1.000000
anubis_skirt2_L_jnt1 anubis_skirt2_L_root _ 0.999260 -0.029763 -0.024371 0.000000 -0.024588 -0.006945 -0.999674 0.000000 0.029584 0.999533 -0.007672 0.000000 0.223437 0.000000 0.000000 1.000000 -0.036885 -0.677806 -0.734315 0.000000 -0.999306 0.021264 0.030568 0.000000 -0.005104 0.734933 -0.678120 0.000000 -15.477140 -58.727249 -10.567810 1.000000
anubis_skirt2_R_root anubis_Hips_3 _ -0.889081 -0.453839 0.059710 0.000000 -0.290767 0.660672 0.692075 0.000000 -0.353539 0.597949 -0.719352 0.000000 -0.119817 0.115924 0.063091 1.000000 -0.057383 -0.699490 -0.712335 0.000000 -0.996651 0.081770 0.000000 0.000000 0.058254 0.709949 -0.701839 0.000000 -18.488340 -58.146019 -8.969779 1.000000
anubis_skirt2_R_jnt1 anubis_skirt2_R_root _ 0.999764 0.000497 0.021721 0.000000 -0.000329 0.999970 -0.007738 0.000000 -0.021724 0.007729 0.999734 0.000000 0.223084 0.000000 0.000000 1.000000 -0.042486 -0.695250 -0.717511 0.000000 -0.998153 0.060758 0.000230 0.000000 0.043434 0.716195 -0.696547 0.000000 -17.480600 -58.459221 -9.406520 1.000000
xActor_armor _ skinned_mesh xActor_armorShape temp_new_anubis_chars_Armor_mat1
armor_new_Hips xActor_armor _ -0.616843 0.769168 -0.166991 0.000000 0.777263 0.628692 0.024673 0.000000 0.123964 -0.114577 -0.985650 0.000000 12.478280 0.804377 -3.305028 1.000000 0.000000 -0.992475 -0.122448 0.000000 1.000000 0.000000 0.000000 0.000000 0.000000 -0.122448 0.992475 0.000000 10.364390 -20.962959 -37.031731 1.000000
armor_new_Spine armor_new_Hips _ 0.831752 0.540002 -0.128786 0.000000 -0.513587 0.660425 -0.547784 0.000000 -0.210751 0.521763 0.826648 0.000000 0.057536 0.085647 0.000034 1.000000 0.000000 -0.992475 -0.122448 0.000000 1.000000 0.000000 0.000000 0.000000 0.000000 -0.122448 0.992475 0.000000 10.306850 -21.001040 -37.031761 1.000000
armor_new_armor_Spine1 armor_new_Spine _ 0.995960 -0.087699 0.019284 0.000000 0.087269 0.995940 0.022098 0.000000 -0.021144 -0.020326 0.999570 0.000000 0.147429 0.000000 0.000000 1.000000 0.000000 -0.992475 -0.122448 0.000000 1.000000 0.000000 0.000000 0.000000 0.000000 -0.122448 0.992475 0.000000 10.159420 -21.037550 -37.031761 1.000000
armor_new_armor_Spine2 armor_new_armor_Spine1 _ 0.981732 0.188800 -0.023609 0.000000 -0.188267 0.981847 0.023085 0.000000 0.027538 -0.018218 0.999455 0.000000 0.049735 0.000000 0.000000 1.000000 0.000000 -0.992475 -0.122448 0.000000 1.000000 0.000000 0.000000 0.000000 0.000000 -0.122448 0.992475 0.000000 10.109690 -21.037550 -37.031761 1.000000
armor_new_armor_LeftShoulder armor_new_armor_Spine2 _ -0.305673 0.084109 -0.948414 0.000000 0.089036 0.994251 0.059477 0.000000 0.947964 -0.066263 -0.311405 0.000000 0.211855 0.000000 0.000000 1.000000 0.120588 -0.992475 0.021263 0.000000 -0.173648 0.000000 0.984808 0.000000 -0.977397 -0.122449 -0.172341 0.000000 34.750420 -21.037550 16.177959 1.000000
armor_new_armor_LeftArm armor_new_armor_LeftShoulder _ 0.705820 0.133325 -0.695732 0.000000 -0.037370 0.987769 0.151377 0.000000 0.707405 -0.080845 0.702170 0.000000 0.124712 0.000000 0.000003 1.000000 0.120588 -0.970541 -0.208588 0.000000 -0.173648 -0.227505 0.958169 0.000000 -0.977397 -0.079323 -0.195967 0.000000 34.625710 -24.205839 10.880370 1.000000
armor_new_armor_LeftArmRoll armor_new_armor_LeftArm _ 0.998362 0.056151 0.010935 0.000000 -0.054789 0.993523 -0.099553 0.000000 -0.016454 0.098791 0.994972 0.000000 0.133033 0.000001 -0.000002 1.000000 0.120588 -0.970541 -0.208588 0.000000 -0.173648 -0.227505 0.958169 0.000000 -0.977397 -0.079323 -0.195967 0.000000 34.492680 -24.205839 10.880370 1.000000
armor_new_armor_LeftForeArm armor_new_armor_LeftArmRoll _ 0.088912 -0.988710 0.120614 0.000000 0.995967 0.089714 0.001227 0.000000 -0.012034 0.120019 0.992699 0.000000 0.121785 -0.000001 0.000000 1.000000 0.120588 -0.970541 -0.208588 0.000000 -0.173648 -0.227505 0.958169 0.000000 -0.977397 -0.079323 -0.195967 0.000000 34.370899 -24.206539 10.880370 1.000000
armor_new_armor_LeftForeArmRoll armor_new_armor_LeftForeArm _ 0.998092 0.004295 -0.061595 0.000000 -0.013892 0.987623 -0.156230 0.000000 0.060162 0.156787 0.985798 0.000000 0.095750 0.000000 0.000000 1.000000 0.120588 -0.970541 -0.208588 0.000000 -0.173648 -0.227505 0.958169 0.000000 -0.977397 -0.079323 -0.195967 0.000000 34.275150 -24.206539 10.880370 1.000000
armor_new_armor_LeftHand armor_new_armor_LeftForeArmRoll _ 0.850872 -0.315605 -0.420013 0.000000 0.407419 0.901130 0.148234 0.000000 0.331703 -0.297249 0.895330 0.000000 0.110432 -0.006515 -0.011181 1.000000 0.120588 -0.970541 -0.208588 0.000000 -0.173648 -0.227505 0.958169 0.000000 -0.977397 -0.079323 -0.195967 0.000000 34.164711 -24.200029 10.891550 1.000000
armor_new_armor_shield_low armor_new_armor_LeftHand mesh new_armor_shield_lowShape temp_new_anubis_chars_Armor_Shield_mat -0.173648 -0.227505 0.958169 0.000000 0.000000 0.972950 0.231015 0.000000 -0.984808 0.040115 -0.168951 0.000000 0.095703 -0.002595 0.010083 1.000000 1.000000 0.000000 0.000000 0.000000 0.000000 1.000000 0.000000 0.000000 0.000000 0.000000 1.000000 0.000000 0.000000 0.000000 0.000000 1.000000
armor_new_armor_RightShoulder armor_new_armor_Spine2 _ -0.279234 0.095292 0.955483 0.000000 0.102744 0.992316 -0.068939 0.000000 -0.954710 0.078920 -0.286879 0.000000 0.211859 0.000000 0.000000 1.000000 -0.120588 -0.992475 0.021263 0.000000 -0.173648 0.000000 -0.984808 0.000000 0.977397 -0.122449 -0.172341 0.000000 -38.187908 -21.037550 -3.316962 1.000000
armor_new_armor_RightArm armor_new_armor_RightShoulder _ 0.455309 0.164743 0.874959 0.000000 0.173883 0.947354 -0.268859 0.000000 -0.873189 0.274555 0.402693 0.000000 0.126600 0.000000 0.000000 1.000000 -0.120588 -0.992475 0.021263 0.000000 -0.173648 0.000000 -0.984808 0.000000 0.977397 -0.122449 -0.172341 0.000000 -38.314510 -21.037550 -3.316962 1.000000
armor_new_armor_RightArmRoll armor_new_armor_RightArm _ 0.994664 -0.046266 -0.092212 0.000000 0.052722 0.996233 0.068856 0.000000 0.088679 -0.073350 0.993356 0.000000 0.131946 0.000000 -0.000002 1.000000 -0.120588 -0.992475 0.021263 0.000000 -0.173648 0.000000 -0.984808 0.000000 0.977397 -0.122449 -0.172341 0.000000 -38.446449 -21.037550 -3.316960 1.000000
armor_new_armor_RightForeArm armor_new_armor_RightArmRoll _ 0.843758 -0.535518 -0.035955 0.000000 0.534851 0.844517 -0.026940 0.000000 0.044791 0.003500 0.998990 0.000000 0.120838 0.000000 0.000002 1.000000 -0.120588 -0.992475 0.021263 0.000000 -0.173648 0.000000 -0.984808 0.000000 0.977397 -0.122449 -0.172341 0.000000 -38.567291 -21.037550 -3.316963 1.000000
armor_new_armor_RightForeArmRoll armor_new_armor_RightForeArm _ 0.991958 -0.124542 -0.022537 0.000000 0.124685 0.992183 0.005075 0.000000 0.021728 -0.007844 0.999733 0.000000 0.099121 0.000000 -0.000003 1.000000 -0.120588 -0.992475 0.021263 0.000000 -0.173648 0.000000 -0.984808 0.000000 0.977397 -0.122449 -0.172341 0.000000 -38.666409 -21.037550 -3.316959 1.000000
armor_new_armor_RightHand armor_new_armor_RightForeArmRoll _ 0.556740 -0.602016 0.572379 0.000000 0.485669 0.794905 0.363664 0.000000 -0.673918 0.075520 0.734936 0.000000 0.097846 0.000000 0.000000 1.000000 0.624203 -0.771189 -0.125050 0.000000 -0.663848 -0.439163 -0.605345 0.000000 0.411918 0.460872 -0.786079 0.000000 -5.051129 -40.054569 18.064819 1.000000
armor_new_armor_Sword armor_new_armor_RightHand mesh new_armor_SwordShape temp_new_anubis_chars_Armor_mat1 -0.663848 -0.439163 -0.605345 0.000000 -0.669945 0.708953 0.220363 0.000000 0.332385 0.551835 -0.764852 0.000000 0.094020 -0.205755 0.634541 1.000000 1.000000 0.000000 0.000000 0.000000 0.000000 1.000000 0.000000 0.000000 0.000000 0.000000 1.000000 0.000000 0.000000 0.000000 0.000000 1.000000
armor_new_armor_Neck armor_new_armor_Spine2 _ 0.935339 -0.347001 -0.068781 0.000000 0.349141 0.874239 0.337353 0.000000 -0.056930 -0.339554 0.938862 0.000000 0.211864 0.000001 0.000000 1.000000 0.364298 -0.880983 -0.301921 0.000000 0.927081 0.373826 0.027821 0.000000 0.088356 -0.290040 0.952927 0.000000 15.414500 -8.776267 -39.965820 1.000000
armor_new_armor_Head armor_new_armor_Neck _ 0.935672 0.352780 -0.008015 0.000000 -0.337321 0.900880 0.273186 0.000000 0.103595 -0.252908 0.961928 0.000000 0.067086 0.000000 0.000000 1.000000 -0.155438 -0.979981 -0.124404 0.000000 0.987643 -0.156718 0.000513 0.000000 -0.019999 -0.122787 0.992231 0.000000 6.451263 -22.225189 -37.068562 1.000000
armor_new_head_LOW4 armor_new_armor_Head mesh new_head_LOW4Shape temp_Armor_Head -0.013157 0.999507 0.028521 0.000000 0.999675 0.012525 0.022221 0.000000 0.021853 0.028804 -0.999346 0.000000 -1.135255 -12.371070 -3.691307 1.000000 1.000000 0.000000 0.000000 0.000000 0.000000 1.000000 0.000000 0.000000 0.000000 0.000000 1.000000 0.000000 0.000000 0.000000 0.000000 1.000000
armor_new_armor_LeftUpLeg armor_new_Hips _ -0.368553 -0.911201 0.184069 0.000000 -0.915815 0.389878 0.096328 0.000000 -0.159539 -0.133071 -0.978182 0.000000 -0.022500 -0.018438 -0.077560 1.000000 0.021263 -0.992475 0.120588 0.000000 -0.984808 0.000000 0.173648 0.000000 -0.172341 -0.122448 -0.977397 0.000000 -3.809704 -20.957520 38.195820 1.000000
armor_new_armor_LeftUpLegRoll armor_new_armor_LeftUpLeg _ 0.997579 0.068943 0.009123 0.000000 -0.068856 0.997581 -0.009581 0.000000 -0.009761 0.008930 0.999913 0.000000 0.160796 -0.000254 -0.001003 1.000000 0.021263 -0.992475 0.120588 0.000000 -0.984808 0.000000 0.173648 0.000000 -0.172341 -0.122448 -0.977397 0.000000 -3.971027 -20.956381 38.186710 1.000000
armor_new_armor_LeftLeg armor_new_armor_LeftUpLegRoll _ 0.727027 0.686590 0.004986 0.000000 -0.683887 0.724772 -0.083686 0.000000 -0.061072 0.057433 0.996480 0.000000 0.184704 0.000484 -0.001320 1.000000 0.021263 -0.992475 0.120588 0.000000 -0.984808 0.000000 0.173648 0.000000 -0.172341 -0.122448 -0.977397 0.000000 -4.159154 -20.957479 38.188580 1.000000
armor_new_armor_LeftLegRoll armor_new_armor_LeftLeg _ 0.998190 0.059920 0.005110 0.000000 -0.060125 0.992611 0.105397 0.000000 0.001243 -0.105513 0.994417 0.000000 0.295336 0.000591 0.000043 1.000000 0.003939 -0.992695 0.120588 0.000000 -0.984658 0.017187 0.173648 0.000000 -0.174452 -0.119422 -0.977397 0.000000 -4.819583 -20.877140 38.188530 1.000000
armor_new_armor_LeftFoot armor_new_armor_LeftLegRoll _ 0.412297 -0.906835 0.087528 0.000000 0.896929 0.420878 0.135575 0.000000 -0.159783 0.022609 0.986893 0.000000 0.115318 0.000438 0.000021 1.000000 0.762980 -0.618991 0.186311 0.000000 -0.646092 -0.721021 0.250387 0.000000 -0.020653 -0.311414 -0.950050 0.000000 12.819420 -13.112380 39.777012 1.000000
armor_new_armor_LeftFoot2 armor_new_armor_LeftFoot _ 0.718525 -0.695494 -0.002991 0.000000 0.695494 0.718531 -0.001417 0.000000 0.003134 -0.001062 0.999995 0.000000 0.106942 -0.001427 0.000124 1.000000 0.978168 0.085620 0.189359 0.000000 0.036484 -0.967784 0.249126 0.000000 0.204589 -0.236779 -0.949779 0.000000 18.132090 -0.634694 39.830101 1.000000
armor_new_armor_RightUpLeg armor_new_Hips _ -0.312229 -0.939130 0.143345 0.000000 -0.949422 0.303171 -0.081762 0.000000 0.033327 -0.161624 -0.986290 0.000000 -0.034854 -0.000184 0.076076 1.000000 -0.021263 -0.992475 0.120588 0.000000 -0.984808 0.000000 -0.173648 0.000000 0.172341 -0.122448 -0.977397 0.000000 -16.670330 -20.962780 34.740822 1.000000
armor_new_armor_RightUpLegRoll armor_new_armor_RightUpLeg _ 0.989076 0.147355 0.003845 0.000000 -0.144533 0.974598 -0.171081 0.000000 -0.028957 0.168657 0.985249 0.000000 0.161137 -0.000711 0.001001 1.000000 -0.021263 -0.992475 0.120588 0.000000 -0.984808 0.000000 -0.173648 0.000000 0.172341 -0.122448 -0.977397 0.000000 -16.831470 -20.962070 34.739819 1.000000
armor_new_armor_RightLeg armor_new_armor_RightUpLegRoll _ 0.173807 0.984582 -0.019727 0.000000 -0.960321 0.173893 0.218045 0.000000 0.218114 -0.018953 0.975739 0.000000 0.188109 0.000000 0.000000 1.000000 -0.021263 -0.992475 0.120588 0.000000 -0.984808 0.000000 -0.173648 0.000000 0.172341 -0.122448 -0.977397 0.000000 -17.019581 -20.962070 34.739819 1.000000
armor_new_armor_RightLegRoll armor_new_armor_RightLeg _ 0.999220 0.038769 0.007443 0.000000 -0.037206 0.987873 -0.150743 0.000000 -0.013197 0.150349 0.988545 0.000000 0.294708 0.000487 -0.000083 1.000000 -0.021263 -0.992475 0.120588 0.000000 -0.984808 0.000000 -0.173648 0.000000 0.172341 -0.122448 -0.977397 0.000000 -17.314289 -20.962549 34.739899 1.000000
armor_new_armor_RightFoot armor_new_armor_RightLegRoll _ 0.621142 -0.776788 -0.103840 0.000000 0.764805 0.629741 -0.136013 0.000000 0.171045 0.005066 0.985250 0.000000 0.115568 0.000458 -0.000040 1.000000 0.746612 -0.663260 0.051541 0.000000 -0.633022 -0.732123 -0.251554 0.000000 0.204580 0.155187 -0.966470 0.000000 4.854905 -30.311171 31.745470 1.000000
armor_new_armor_RightFoot2 armor_new_armor_RightFoot _ 0.715713 -0.698391 -0.002060 0.000000 0.698394 0.715712 0.001450 0.000000 0.000462 -0.002477 0.999997 0.000000 0.107118 -0.001432 -0.000179 1.000000 0.997469 0.046802 0.053528 0.000000 0.058764 -0.966453 -0.250032 0.000000 0.040031 0.252545 -0.966757 0.000000 24.500710 -18.331160 31.822809 1.000000
