xActor_cave_shadow _ _
root xActor_cave_shadow _ 0.901340 0.000000 -0.433111 0.000000 0.000000 1.000000 0.000000 0.000000 0.433111 0.000000 0.901340 0.000000 44.096149 -8.407189 46.100239 1.000000 1.000000 0.000000 0.000000 0.000000 0.000000 1.000000 0.000000 0.000000 0.000000 0.000000 1.000000 0.000000 0.000000 0.000000 0.000000 1.000000
jungle_ground_cave_shadow root mesh jungle_ground_cave_shadowShape jungle_ground_cave_shadow_mat2 0.901340 0.000000 0.433111 0.000000 0.000000 1.000000 0.000000 0.000000 -0.433111 0.000000 0.901340 0.000000 -19.779110 8.407189 -60.650551 1.000000 1.000000 0.000000 0.000000 0.000000 0.000000 1.000000 0.000000 0.000000 0.000000 0.000000 1.000000 0.000000 0.000000 0.000000 0.000000 1.000000
xActor_trex _ skinned_mesh xActor_trexShape trex_mat1
scaleSkeleton xActor_trex _ 1.500000 0.000000 0.000000 0.000000 0.000000 1.500000 0.000000 0.000000 0.000000 0.000000 1.500000 0.000000 0.000000 0.000000 0.000000 1.000000 1.000000 0.000000 0.000000 0.000000 0.000000 1.000000 0.000000 0.000000 0.000000 0.000000 1.000000 0.000000 0.000000 0.000000 0.000000 1.000000
scaleSkeleton_ShadowRig_Root scaleSkeleton _ 1.000000 0.000000 0.000000 0.000000 0.000000 1.000000 0.000000 0.000000 0.000000 0.000000 1.000000 0.000000 0.000000 0.000000 0.000000 1.000000 1.000000 0.000000 0.000000 0.000000 0.000000 1.000000 0.000000 0.000000 0.000000 0.000000 1.000000 0.000000 0.000000 0.000000 0.000000 1.000000
Shadow_SpineRoot scaleSkeleton_ShadowRig_Root _ 1.000000 0.000000 0.000000 0.000000 0.000000 1.000000 0.000000 0.000000 0.000000 0.000000 1.000000 0.000000 0.000000 7.609665 -2.281420 1.000000 1.000000 0.000000 0.000000 0.000000 0.000000 1.000000 0.000000 0.000000 0.000000 0.000000 1.000000 0.000000 0.000000 -7.609665 2.281420 1.000000
Shadow_Tail01 Shadow_SpineRoot _ 1.000000 0.000000 0.000000 0.000000 0.000000 1.000000 0.000000 0.000000 0.000000 0.000000 1.000000 0.000000 0.000000 0.026731 -1.151750 1.000000 1.000000 0.000000 0.000000 0.000000 0.000000 1.000000 0.000000 0.000000 0.000000 0.000000 1.000000 0.000000 0.000000 -7.636396 3.433170 1.000000
Shadow_Tail02 Shadow_Tail01 _ 1.000000 0.000000 0.000000 0.000000 0.000000 1.000000 0.000000 0.000000 0.000000 0.000000 1.000000 0.000000 0.000000 0.017523 -2.833772 1.000000 1.000000 0.000000 0.000000 0.000000 0.000000 1.000000 0.000000 0.000000 0.000000 0.000000 1.000000 0.000000 0.000000 -7.653919 6.266942 1.000000
Shadow_Tail03 Shadow_Tail02 _ 1.000000 0.000000 0.000000 0.000000 0.000000 1.000000 0.000000 0.000000 0.000000 0.000000 1.000000 0.000000 0.000000 0.056610 -2.250178 1.000000 1.000000 0.000000 0.000000 0.000000 0.000000 1.000000 0.000000 0.000000 0.000000 0.000000 1.000000 0.000000 0.000000 -7.710529 8.517120 1.000000
Shadow_Tail04 Shadow_Tail03 _ 1.000000 0.000000 0.000000 0.000000 0.000000 1.000000 0.000000 0.000000 0.000000 0.000000 1.000000 0.000000 0.000000 0.027192 -1.566979 1.000000 1.000000 0.000000 0.000000 0.000000 0.000000 1.000000 0.000000 0.000000 0.000000 0.000000 1.000000 0.000000 0.000000 -7.737722 10.084100 1.000000
Shadow_Tail06 Shadow_Tail04 _ 1.000000 0.000000 0.000000 0.000000 0.000000 1.000000 0.000000 0.000000 0.000000 0.000000 1.000000 0.000000 0.000000 -0.016321 -2.384283 1.000000 1.000000 0.000000 0.000000 0.000000 0.000000 1.000000 0.000000 0.000000 0.000000 0.000000 1.000000 0.000000 0.000000 -7.721400 12.468380 1.000000
Shadow_Tail08 Shadow_Tail06 _ 1.000000 0.000000 0.000000 0.000000 0.000000 1.000000 0.000000 0.000000 0.000000 0.000000 1.000000 0.000000 0.000000 -0.016641 -2.217132 1.000000 1.000000 0.000000 0.000000 0.000000 0.000000 1.000000 0.000000 0.000000 0.000000 0.000000 1.000000 0.000000 0.000000 -7.704759 14.685510 1.000000
Shadow_Right_Leg Shadow_SpineRoot _ 0.998800 0.002086 -0.048928 0.000000 0.007337 0.981443 0.191612 0.000000 0.048420 -0.191741 0.980251 0.000000 -0.871115 -0.417213 0.054891 1.000000 0.998800 0.007337 0.048420 0.000000 0.002086 0.981443 -0.191741 0.000000 -0.048928 0.191612 0.980251 0.000000 0.746128 -6.625964 3.603821 1.000000
Shadow_Right_Knee Shadow_Right_Leg _ 0.999968 -0.006845 -0.004041 0.000000 0.006429 0.995431 -0.095266 0.000000 0.004674 0.095237 0.995444 0.000000 -0.205487 -2.393789 0.889834 1.000000 0.998523 0.009111 0.053566 0.000000 -0.003857 0.995239 -0.097388 0.000000 -0.054199 0.097037 0.993804 0.000000 0.969586 -4.465271 2.303011 1.000000
Shadow_Right_Ankle Shadow_Right_Knee _ 0.999638 0.021322 0.016395 0.000000 -0.009283 0.845611 -0.533719 0.000000 -0.025244 0.533374 0.845503 0.000000 -0.044187 -2.455218 -1.198307 1.000000 0.999234 -0.030154 0.024944 0.000000 0.015768 0.893598 0.448591 0.000000 -0.035816 -0.447854 0.893389 0.000000 1.027954 -3.577855 1.862671 1.000000
Shadow_Right_Heel Shadow_Right_Ankle _ 0.992691 -0.012319 0.120054 0.000000 -0.013485 0.977223 0.211785 0.000000 -0.119929 -0.211856 0.969915 0.000000 0.046404 -1.637161 0.432154 1.000000 0.995297 -0.037659 -0.089255 0.000000 0.058499 0.968037 0.243889 0.000000 0.077218 -0.247964 0.965687 0.000000 1.170024 -1.606766 1.680911 1.000000
Shadow_Right_Foot_Middle1 Shadow_Right_Heel _ 0.994027 0.095731 -0.052397 0.000000 -0.061576 0.888386 0.454949 0.000000 0.090101 -0.449006 0.888975 0.000000 0.009831 -0.500065 0.518723 1.000000 0.990423 -0.135349 0.027241 0.000000 0.138042 0.967346 -0.212572 0.000000 0.002420 0.214296 0.976766 0.000000 0.986423 -0.525881 1.634604 1.000000
Shadow_Right_Foot_Middle3 Shadow_Right_Foot_Middle1 _ 0.999869 -0.001975 -0.016082 0.000000 0.000717 0.996965 -0.077853 0.000000 0.016187 0.077831 0.996835 0.000000 -0.016367 0.009847 0.991872 1.000000 0.990123 -0.136349 0.032652 0.000000 0.139532 0.981058 -0.134375 0.000000 -0.013712 0.137604 0.990392 0.000000 0.993091 -0.611289 0.614165 1.000000
Shadow_Left_Leg Shadow_SpineRoot _ 0.998221 -0.000301 0.059626 0.000000 -0.011377 0.980652 0.195427 0.000000 -0.058531 -0.195758 0.978904 0.000000 0.871115 -0.417219 0.054889 1.000000 0.998221 -0.011377 -0.058531 0.000000 -0.000301 0.980652 -0.195758 0.000000 0.059626 0.195427 0.978904 0.000000 -0.734637 -6.608253 3.638524 1.000000
Shadow_Left_Knee Shadow_Left_Leg _ 0.999971 0.004919 0.005774 0.000000 -0.004338 0.995315 -0.096587 0.000000 -0.006222 0.096559 0.995308 0.000000 0.226865 -2.392170 0.888955 1.000000 0.997798 -0.010001 -0.065566 0.000000 0.003392 0.994967 -0.100146 0.000000 0.066238 0.099703 0.992810 0.000000 -0.966338 -4.457733 2.335549 1.000000
Shadow_Left_Ankle Shadow_Left_Knee _ 0.999799 -0.016976 -0.010622 0.000000 0.008538 0.841173 -0.540699 0.000000 0.018114 0.540500 0.841149 0.000000 0.113825 -2.460002 -1.183836 1.000000 0.998464 0.035558 -0.042483 0.000000 -0.012435 0.891117 0.453603 0.000000 0.053986 -0.452379 0.890190 0.000000 -1.083417 -3.592588 1.860986 1.000000
Shadow_Left_Heel Shadow_Left_Ankle _ 0.998058 0.050860 -0.035964 0.000000 -0.040550 0.968754 0.244688 0.000000 0.047285 -0.242755 0.968935 0.000000 -0.096344 -1.637289 0.423336 1.000000 0.999862 -0.016436 -0.002582 0.000000 0.016598 0.974768 0.222601 0.000000 -0.001142 -0.222613 0.974906 0.000000 -1.136307 -1.502402 1.820973 1.000000
Shadow_Left_Foot_Middle1 Shadow_Left_Heel _ 0.999713 -0.023853 0.002285 0.000000 0.020662 0.906394 0.421927 0.000000 -0.012135 -0.421759 0.906627 0.000000 -0.051459 -0.499517 0.516787 1.000000 0.999961 0.004672 -0.007543 0.000000 -0.006149 0.977789 -0.209502 0.000000 0.006396 0.209541 0.977779 0.000000 -1.057635 -0.381152 1.618550 1.000000
Shadow_Left_Foot_Middle3 Shadow_Left_Foot_Middle1 _ 0.999966 0.001328 -0.008134 0.000000 -0.001846 0.997948 -0.064004 0.000000 0.008032 0.064017 0.997916 0.000000 0.022987 0.044101 0.990337 1.000000 0.999994 0.003300 0.000804 0.000000 -0.003146 0.989203 -0.146520 0.000000 -0.001278 0.146517 0.989207 0.000000 -1.086260 -0.462594 0.591001 1.000000
Shadow_Spine2 Shadow_SpineRoot _ 1.000000 0.000000 0.000000 0.000000 0.000000 1.000000 0.000000 0.000000 0.000000 0.000000 1.000000 0.000000 0.000000 0.093407 1.315265 1.000000 1.000000 0.000000 0.000000 0.000000 0.000000 1.000000 0.000000 0.000000 0.000000 0.000000 1.000000 0.000000 0.000000 -7.703072 0.966155 1.000000
Shadow_Spine1 Shadow_Spine2 _ 1.000000 0.000000 0.000000 0.000000 0.000000 1.000000 0.000000 0.000000 0.000000 0.000000 1.000000 0.000000 0.000000 0.084622 2.035672 1.000000 1.000000 0.000000 0.000000 0.000000 0.000000 1.000000 0.000000 0.000000 0.000000 0.000000 1.000000 0.000000 0.000000 -7.787694 -1.069516 1.000000
Shadow_HandsRoot Shadow_Spine1 _ 1.000000 0.000000 0.000000 0.000000 0.000000 1.000000 0.000000 0.000000 0.000000 0.000000 1.000000 0.000000 0.000000 -0.160150 1.651058 1.000000 1.000000 0.000000 0.000000 0.000000 0.000000 1.000000 0.000000 0.000000 0.000000 0.000000 1.000000 0.000000 0.000000 -7.627544 -2.720575 1.000000
Shadow_Left_Shoulder Shadow_HandsRoot _ 0.999341 0.034921 -0.009873 0.000000 -0.034685 0.999131 0.023127 0.000000 0.010672 -0.022769 0.999684 0.000000 0.763927 -1.449244 -0.144971 1.000000 0.999341 -0.034685 0.010672 0.000000 0.034921 0.999131 -0.022769 0.000000 -0.009873 0.023127 0.999684 0.000000 -0.953748 -6.205997 -2.442268 1.000000
Shadow_Left_Elbow Shadow_Left_Shoulder _ 0.999341 -0.034685 0.010672 0.000000 0.034921 0.999131 -0.022769 0.000000 -0.009873 0.023127 0.999684 0.000000 0.576973 -0.636328 -0.024212 1.000000 1.000000 0.000000 0.000000 0.000000 0.000000 1.000000 0.000000 0.000000 0.000000 0.000000 1.000000 0.000000 -1.362332 -5.563224 -2.530988 1.000000
Shadow_Right_Shoulder Shadow_HandsRoot _ 0.999341 -0.034916 0.009876 0.000000 0.034680 0.999130 0.023141 0.000000 -0.010676 -0.022783 0.999683 0.000000 -0.764497 -1.449224 -0.144975 1.000000 0.999341 0.034680 -0.010676 0.000000 -0.034917 0.999131 -0.022783 0.000000 0.009877 0.023141 0.999683 0.000000 0.954280 -6.206037 -2.442184 1.000000
Shadow_Right_Elbow Shadow_Right_Shoulder _ 0.919560 0.355338 0.167763 0.000000 -0.326975 0.928715 -0.174857 0.000000 -0.217937 0.105937 0.970196 0.000000 -0.576456 -0.636276 -0.024337 1.000000 0.929487 -0.292685 -0.224477 0.000000 0.319099 0.943309 0.091350 0.000000 0.185014 -0.156539 0.970188 0.000000 -0.977168 -5.250459 -3.269433 1.000000
Shadow_Neck2 Shadow_HandsRoot _ 0.997357 -0.067278 0.027439 0.000000 0.067278 0.997734 0.000924 0.000000 -0.027439 0.000924 0.999623 0.000000 0.000000 0.092626 1.120692 1.000000 1.000000 0.000000 0.000000 0.000000 0.000000 1.000000 0.000000 0.000000 0.000000 0.000000 1.000000 0.000000 0.000000 -7.720171 -3.841265 1.000000
Shadow_Neck1 Shadow_Neck2 _ 0.989353 -0.145486 -0.003907 0.000000 0.145477 0.989359 -0.002433 0.000000 0.004219 0.001838 0.999989 0.000000 0.003432 0.478629 1.298304 1.000000 1.000000 0.000000 0.000000 0.000000 0.000000 1.000000 0.000000 0.000000 0.000000 0.000000 1.000000 0.000000 0.000000 -8.198684 -5.139616 1.000000
Shadow_Head Shadow_Neck1 _ 0.977057 0.211721 -0.023107 0.000000 -0.211807 0.977311 -0.001298 0.000000 0.022308 0.006163 0.999732 0.000000 0.018277 0.029786 1.045726 1.000000 1.000000 0.000000 0.000000 0.000000 0.000000 0.999993 0.003774 0.000000 0.000000 -0.003774 0.999993 0.000000 0.000000 -8.203112 -6.216556 1.000000
Shadow_Jaw Shadow_Head _ 1.000000 -0.000000 0.000000 0.000000 0.000000 1.000000 0.000000 0.000000 -0.000000 -0.000000 1.000000 0.000000 0.000000 -0.783249 -0.017468 1.000000 1.000000 0.000000 0.000000 0.000000 0.000000 0.999993 0.003774 0.000000 0.000000 -0.003774 0.999993 0.000000 0.000000 -7.419863 -6.199089 1.000000
Shadow_Bone_tongue01 Shadow_Jaw _ 1.000000 0.000000 0.000000 0.000000 0.000000 1.000000 -0.000000 0.000000 0.000000 0.000000 1.000000 0.000000 0.000000 -0.493857 1.730734 1.000000 1.000000 0.000000 0.000000 0.000000 0.000000 0.999305 0.037274 0.000000 0.000000 -0.037274 0.999305 0.000000 0.000000 -6.654846 -8.157158 1.000000
xActor_girl _ skinned_mesh xActor_girlShape biker_mat
global_ctrl xActor_girl _ -0.943520 -0.024063 -0.330441 0.000000 -0.024187 0.999700 -0.003736 0.000000 0.330432 0.004468 -0.943819 0.000000 6.557451 -3.244307 -69.732910 1.000000 1.000000 0.000000 0.000000 0.000000 0.000000 1.000000 0.000000 0.000000 0.000000 0.000000 1.000000 0.000000 0.000000 0.000000 0.000000 1.000000
girl_root global_ctrl _ 0.000000 0.891349 0.453317 0.000000 0.000000 -0.453317 0.891349 0.000000 1.000000 0.000000 0.000000 0.000000 0.000000 0.762604 -0.908059 1.000000 0.000000 0.000000 1.000000 0.000000 0.975876 -0.218324 0.000000 0.000000 0.218324 0.975876 0.000000 0.000000 -2.537654 0.627020 0.000000 1.000000
spine_A_jnt girl_root _ 0.995337 -0.096276 0.005847 0.000000 0.096281 0.995354 -0.000532 0.000000 -0.005769 0.001092 0.999983 0.000000 0.451334 0.043579 0.000000 1.000000 0.004930 -0.000465 0.999988 0.000000 0.991514 -0.129907 -0.004949 0.000000 0.129908 0.991526 -0.000180 0.000000 -3.004893 0.302027 0.014955 1.000000
spine_B_jnt spine_A_jnt _ 0.987521 -0.155508 0.024911 0.000000 0.155546 0.987829 0.000403 0.000000 -0.024671 0.003477 0.999690 0.000000 0.442829 -0.021732 0.000000 1.000000 0.030094 0.001184 0.999546 0.000000 0.998160 0.052638 -0.030115 0.000000 -0.052650 0.998613 0.000402 0.000000 -3.447613 -0.308861 0.101972 1.000000
spine_C_jnt spine_B_jnt _ 0.978399 -0.205079 -0.026023 0.000000 0.205128 0.978735 -0.000777 0.000000 0.025629 -0.004578 0.999661 0.000000 0.297629 0.000000 0.000000 1.000000 0.006492 0.006145 0.999960 0.000000 0.973405 0.228963 -0.007727 0.000000 -0.229001 0.973416 -0.004495 0.000000 -3.632347 -0.968684 0.018384 1.000000
chest_jnt spine_C_jnt _ 0.999951 0.009096 -0.003988 0.000000 -0.009121 0.999939 -0.006269 0.000000 0.003931 0.006305 0.999972 0.000000 0.309741 0.000000 0.000000 1.000000 0.000000 0.000000 1.000000 0.000000 0.973681 0.227915 0.000000 0.000000 -0.227915 0.973681 0.000000 0.000000 -3.943169 -0.964361 -0.013161 1.000000
neck_base_jnt chest_jnt _ 0.936363 0.351033 0.000000 0.000000 -0.351033 0.936363 0.000000 0.000000 0.000000 0.000000 1.000000 0.000000 0.213480 0.000000 0.000000 1.000000 0.000000 0.000000 1.000000 0.000000 0.991725 -0.128383 0.000000 0.000000 0.128383 0.991725 0.000000 0.000000 -4.230655 0.556130 -0.013161 1.000000
head_jnt neck_base_jnt _ 0.931983 -0.362451 -0.006017 0.000000 0.348709 0.900936 -0.258296 0.000000 0.099040 0.238630 0.966047 0.000000 0.140400 0.000000 0.000000 1.000000 -0.007531 -0.004347 0.999962 0.000000 0.999133 -0.040974 0.007347 0.000000 0.040941 0.999151 0.004652 0.000000 -4.402757 0.170967 -0.045576 1.000000
headTop_jnt head_jnt _ 1.000000 0.000000 0.000000 0.000000 0.000000 1.000000 0.000000 0.000000 0.000000 0.000000 1.000000 0.000000 0.549318 0.000000 0.000000 1.000000 -0.007531 -0.004347 0.999962 0.000000 0.999133 -0.040974 0.007347 0.000000 0.040941 0.999151 0.004652 0.000000 -4.952074 0.170967 -0.045576 1.000000
R_shoulder_jnt chest_jnt _ 0.814669 -0.187009 0.548946 0.000000 -0.548220 -0.557043 0.623824 0.000000 0.189126 -0.809154 -0.556328 0.000000 0.060344 0.013967 -0.404704 1.000000 0.986856 0.146294 0.068661 0.000000 0.124478 -0.959067 0.254355 0.000000 0.103061 -0.242465 -0.964670 0.000000 -0.130725 4.019436 -0.982643 1.000000
R_elbow_jnt R_shoulder_jnt _ 0.313056 0.704070 0.637402 0.000000 -0.554657 0.680328 -0.479071 0.000000 -0.770942 -0.203564 0.603498 0.000000 -0.732115 0.000000 -0.000000 1.000000 0.979800 -0.083568 -0.181685 0.000000 -0.035369 -0.966595 0.253857 0.000000 -0.196830 -0.242303 -0.950025 0.000000 1.227112 3.793707 -1.259012 1.000000
R_wrist_jnt R_elbow_jnt _ 0.992406 -0.071328 0.100216 0.000000 0.022175 0.905104 0.424611 0.000000 -0.120993 -0.419164 0.899812 0.000000 -0.777145 -0.000005 -0.000000 1.000000 0.999992 0.003945 0.000324 0.000000 0.003940 -0.999903 0.013346 0.000000 0.000377 -0.013345 -0.999911 0.000000 1.859436 4.066054 0.064080 1.000000
R_hand_jnt R_wrist_jnt _ 1.000000 0.000000 0.000000 0.000000 0.000000 1.000000 0.000000 0.000000 0.000000 0.000000 1.000000 0.000000 -0.237013 0.053839 -0.035814 1.000000 0.999992 0.003945 0.000324 0.000000 0.003940 -0.999903 0.013346 0.000000 0.000377 -0.013345 -0.999911 0.000000 2.096448 4.012216 0.099894 1.000000
L_shoulder_jnt chest_jnt _ -0.700720 0.110137 0.704884 0.000000 0.530088 0.741635 0.411077 0.000000 -0.477492 0.661700 -0.578061 0.000000 0.060343 0.013967 0.378382 1.000000 0.986849 0.146325 0.068693 0.000000 -0.124502 0.959069 -0.254332 0.000000 -0.103096 0.242435 0.964674 0.000000 0.130831 -4.019459 0.982536 1.000000
L_elbow_jnt L_shoulder_jnt _ 0.251675 0.726064 0.639915 0.000000 -0.517577 0.659675 -0.544925 0.000000 -0.817786 -0.194061 0.541818 0.000000 0.732111 0.000000 0.000000 1.000000 0.979792 -0.083594 -0.181713 0.000000 0.035393 0.966601 -0.253831 0.000000 0.196863 0.242270 0.950026 0.000000 -1.227183 -3.793680 1.258956 1.000000
L_wrist_jnt L_elbow_jnt _ 0.993941 0.105884 -0.029486 0.000000 -0.097440 0.972976 0.209339 0.000000 0.050855 -0.205198 0.977398 0.000000 0.777150 0.000000 0.000000 1.000000 0.999992 0.003926 0.000290 0.000000 -0.003922 0.999904 -0.013315 0.000000 -0.000343 0.013314 0.999911 0.000000 -1.859503 -4.066014 -0.064141 1.000000
L_hand_jnt L_wrist_jnt _ 1.000000 0.000000 0.000000 0.000000 0.000000 1.000000 0.000000 0.000000 0.000000 0.000000 1.000000 0.000000 0.237014 -0.053832 0.035814 1.000000 0.999992 0.003926 0.000290 0.000000 -0.003922 0.999904 -0.013315 0.000000 -0.000343 0.013314 0.999911 0.000000 -2.096517 -4.012182 -0.099956 1.000000
pelvis_jnt girl_root _ -0.000000 0.000000 1.000000 0.000000 0.870938 -0.491393 0.000000 0.000000 0.491393 0.870938 -0.000000 0.000000 0.395450 -0.028544 0.000000 1.000000 1.000000 0.000000 0.000000 0.000000 0.000000 1.000000 0.000000 0.000000 0.000000 0.000000 1.000000 0.000000 0.000000 -3.005472 -0.000618 1.000000
L_thigh_jnt pelvis_jnt _ 0.304322 -0.399335 0.864823 0.000000 0.109625 0.916535 0.384637 0.000000 -0.946240 -0.022248 0.322699 0.000000 0.308585 -0.204111 -0.011346 1.000000 0.003144 0.035304 -0.999372 0.000000 -0.995257 0.097276 0.000305 0.000000 0.097226 0.994631 0.035442 0.000000 2.788148 -0.272730 0.307916 1.000000
L_knee_jnt L_thigh_jnt _ -0.396526 -0.915102 -0.073178 0.000000 0.917871 -0.396649 -0.013468 0.000000 -0.016701 -0.072509 0.997228 0.000000 1.251800 0.000000 0.000000 1.000000 -0.002995 0.035471 -0.999366 0.000000 -0.989979 -0.141197 -0.002045 0.000000 -0.141180 0.989346 0.035538 0.000000 1.556515 0.098749 0.311559 1.000000
L_ankle_jnt L_knee_jnt _ 0.444254 0.887810 0.120130 0.000000 -0.882467 0.410508 0.229641 0.000000 0.154563 -0.208030 0.965833 0.000000 1.305081 0.000000 -0.009806 1.000000 0.038364 0.016273 -0.999131 0.000000 -0.537999 0.842917 -0.006929 0.000000 0.842072 0.537797 0.041093 0.000000 0.191548 -0.187710 0.322987 1.000000
L_ball_jnt L_ankle_jnt _ 0.692843 0.721088 0.000000 0.000000 -0.721088 0.692843 0.000000 0.000000 0.000000 0.000000 1.000000 0.000000 0.378629 0.000000 0.000000 1.000000 0.038315 -0.016389 -0.999131 0.000000 0.235069 0.971954 -0.006929 0.000000 0.971223 -0.234600 0.041093 0.000000 -0.264973 0.004848 0.322987 1.000000
L_toe_jnt L_ball_jnt _ 1.000000 0.000000 0.000000 0.000000 0.000000 1.000000 0.000000 0.000000 0.000000 0.000000 1.000000 0.000000 0.245345 0.000000 0.000000 1.000000 0.038315 -0.016389 -0.999131 0.000000 0.235069 0.971954 -0.006929 0.000000 0.971223 -0.234600 0.041093 0.000000 -0.510318 0.004848 0.322987 1.000000
R_thigh_jnt pelvis_jnt _ 0.391917 0.395395 -0.830701 0.000000 0.139875 -0.918047 -0.370977 0.000000 -0.909305 0.029198 -0.415104 0.000000 -0.308585 -0.204107 -0.011346 1.000000 0.003238 0.038487 -0.999254 0.000000 0.994560 -0.104161 -0.000789 0.000000 -0.104114 -0.993815 -0.038615 0.000000 -2.786244 0.293009 -0.306558 1.000000
R_knee_jnt R_thigh_jnt _ -0.393400 -0.916075 -0.077732 0.000000 0.919066 -0.394029 -0.007731 0.000000 -0.023547 -0.074482 0.996944 0.000000 -1.251808 0.000000 0.000000 1.000000 0.004675 0.039460 -0.999210 0.000000 0.989507 0.144113 0.010321 0.000000 0.144406 -0.988774 -0.038372 0.000000 -1.555847 -0.093696 -0.323865 1.000000
R_ankle_jnt R_knee_jnt _ 0.138228 0.955310 0.261297 0.000000 -0.971274 0.079155 0.224415 0.000000 0.193703 -0.284812 0.938809 0.000000 -1.305114 0.000000 0.000000 1.000000 0.026903 0.022414 -0.999387 0.000000 0.541044 -0.840983 -0.004297 0.000000 -0.840564 -0.540597 -0.034752 0.000000 -0.192658 0.192732 -0.319799 1.000000
R_ball_jnt R_ankle_jnt _ 0.692843 0.721072 0.004803 0.000000 -0.720831 0.692402 0.031339 0.000000 0.019272 -0.025175 0.999497 0.000000 -0.378629 0.000000 0.000000 1.000000 0.030001 -0.035193 -0.998930 0.000000 -0.231571 -0.972435 0.027304 0.000000 -0.972355 0.230504 -0.037324 0.000000 0.266287 -0.010628 -0.320906 1.000000
R_toe_jnt R_ball_jnt _ 1.000000 0.000000 0.000000 0.000000 0.000000 1.000000 0.000000 0.000000 0.000000 0.000000 1.000000 0.000000 -0.245344 0.000000 0.000000 1.000000 0.030001 -0.035193 -0.998930 0.000000 -0.231571 -0.972435 0.027304 0.000000 -0.972355 0.230504 -0.037324 0.000000 0.511631 -0.010628 -0.320906 1.000000
biker_root global_ctrl _ 1.000000 0.000000 0.000000 0.000000 0.000000 1.000000 0.000000 0.000000 0.000000 0.000000 1.000000 0.000000 0.000000 -1.880000 0.000000 1.000000 1.000000 0.000000 0.000000 0.000000 0.000000 1.000000 0.000000 0.000000 0.000000 0.000000 1.000000 0.000000 0.000000 0.000000 0.000000 1.000000
wheelie_loc_new biker_root _ 1.000000 0.000000 0.000000 0.000000 0.000000 1.000000 0.000000 0.000000 0.000000 0.000000 1.000000 0.000000 0.000000 0.980000 -2.243000 1.000000 1.000000 0.000000 0.000000 0.000000 0.000000 1.000000 0.000000 0.000000 0.000000 0.000000 1.000000 0.000000 0.000000 0.000000 0.000000 1.000000
side_lean_loc biker_root _ 1.000000 0.000000 0.000000 0.000000 0.000000 1.000000 0.000000 0.000000 0.000000 0.000000 1.000000 0.000000 0.000000 0.000000 0.000000 1.000000 1.000000 0.000000 0.000000 0.000000 0.000000 1.000000 0.000000 0.000000 0.000000 0.000000 1.000000 0.000000 0.000000 0.000000 0.000000 1.000000
front_steer_loc side_lean_loc _ 0.999770 -0.010099 -0.018944 0.000000 -0.000000 0.882439 -0.470427 0.000000 0.021468 0.470318 0.882236 0.000000 0.000000 0.886000 2.034000 1.000000 1.000000 0.000000 0.000000 0.000000 0.000000 1.000000 0.000000 0.000000 0.000000 0.000000 1.000000 0.000000 0.000000 0.000000 0.000000 1.000000
wheel_front_loc front_steer_loc _ 1.000000 0.000000 0.000000 0.000000 0.000000 0.882439 0.470427 0.000000 0.000000 -0.470427 0.882439 0.000000 0.000000 0.000000 0.000000 1.000000 1.000000 0.000000 0.000000 0.000000 0.000000 1.000000 0.000000 0.000000 0.000000 0.000000 1.000000 0.000000 0.000000 0.000000 0.000000 1.000000
wheel_front wheel_front_loc mesh wheel_frontShape motor_mat 1.000000 -0.000000 0.000000 0.000000 0.000000 0.983178 0.182648 0.000000 -0.000000 -0.182648 0.983178 0.000000 0.000000 0.000000 0.000000 1.000000 1.000000 0.000000 0.000000 0.000000 0.000000 1.000000 0.000000 0.000000 0.000000 0.000000 1.000000 0.000000 0.000000 0.000000 0.000000 1.000000
steer_bottom_loc wheel_front_loc _ 1.000000 0.000000 0.000000 0.000000 0.000000 0.882439 -0.470427 0.000000 0.000000 0.470427 0.882439 0.000000 0.000000 0.000000 0.000000 1.000000 1.000000 0.000000 0.000000 0.000000 0.000000 1.000000 0.000000 0.000000 0.000000 0.000000 1.000000 0.000000 0.000000 0.000000 0.000000 1.000000
front_piston_bottom_loc steer_bottom_loc _ 1.000000 0.000000 0.000000 0.000000 0.000000 1.000000 0.000000 0.000000 0.000000 0.000000 1.000000 0.000000 0.000000 -0.028877 0.054168 1.000000 1.000000 0.000000 0.000000 0.000000 0.000000 1.000000 0.000000 0.000000 0.000000 0.000000 1.000000 0.000000 0.000000 0.000000 0.000000 1.000000
front_piston_bottom front_piston_bottom_loc mesh front_piston_bottomShape motor_mat 1.000000 0.000000 0.000000 0.000000 0.000000 0.878862 0.477076 0.000000 0.000000 -0.477076 0.878862 0.000000 0.000000 0.123393 -2.280502 1.000000 1.000000 0.000000 0.000000 0.000000 0.000000 1.000000 0.000000 0.000000 0.000000 0.000000 1.000000 0.000000 0.000000 0.000000 0.000000 1.000000
front_steer_grp side_lean_loc _ 1.000000 0.000000 0.000000 0.000000 0.000000 0.882439 -0.470427 0.000000 0.000000 0.470427 0.882439 0.000000 0.000000 -0.890000 0.694427 1.000000 1.000000 0.000000 0.000000 0.000000 0.000000 1.000000 0.000000 0.000000 0.000000 0.000000 1.000000 0.000000 0.000000 0.000000 0.000000 1.000000
bounce_ctrl_loc side_lean_loc _ 1.000000 0.000000 0.000000 0.000000 0.000000 1.000000 0.000000 0.000000 0.000000 0.000000 1.000000 0.000000 0.000000 4.432000 0.000000 1.000000 1.000000 0.000000 0.000000 0.000000 0.000000 1.000000 0.000000 0.000000 0.000000 0.000000 1.000000 0.000000 0.000000 0.000000 0.000000 1.000000
body bounce_ctrl_loc mesh bodyShape motor_mat 1.000000 0.000000 0.000000 0.000000 0.000000 1.000000 0.000000 0.000000 0.000000 0.000000 1.000000 0.000000 0.000000 -4.432347 0.000000 1.000000 1.000000 0.000000 0.000000 0.000000 0.000000 1.000000 0.000000 0.000000 0.000000 0.000000 1.000000 0.000000 0.000000 0.000000 0.000000 1.000000
steering_loc body _ 0.999770 -0.010099 -0.018944 0.000000 -0.000000 0.882439 -0.470427 0.000000 0.021468 0.470318 0.882236 0.000000 0.000000 3.186054 0.810922 1.000000 1.000000 0.000000 0.000000 0.000000 0.000000 1.000000 0.000000 0.000000 0.000000 0.000000 1.000000 0.000000 0.000000 0.000000 0.000000 1.000000
kormany steering_loc mesh kormanyShape motor_mat 1.000000 0.000000 0.000000 0.000000 0.000000 1.000000 0.000000 0.000000 0.000000 0.000000 1.000000 0.000000 0.000000 -3.186054 -0.810922 1.000000 1.000000 0.000000 0.000000 0.000000 0.000000 1.000000 0.000000 0.000000 0.000000 0.000000 1.000000 0.000000 0.000000 0.000000 0.000000 1.000000
rear_hinge_loc body _ 1.000000 0.000000 0.000000 0.000000 0.000000 1.000000 0.000000 0.000000 0.000000 0.000000 1.000000 0.000000 0.000000 1.290004 -0.693631 1.000000 1.000000 0.000000 0.000000 0.000000 0.000000 1.000000 0.000000 0.000000 0.000000 0.000000 1.000000 0.000000 0.000000 0.000000 0.000000 1.000000
rear_fork rear_hinge_loc mesh rear_forkShape motor_mat 0.999974 0.004601 -0.005631 0.000000 -0.004643 0.999962 -0.007347 0.000000 0.005597 0.007373 0.999957 0.000000 0.000000 0.000000 0.000000 1.000000 1.000000 0.000000 0.000000 0.000000 0.000000 1.000000 0.000000 0.000000 0.000000 0.000000 1.000000 0.000000 0.000000 0.000000 0.000000 1.000000
R_knee_ctrl body _ 1.000000 0.000000 0.000000 0.000000 0.000000 1.000000 0.000000 0.000000 0.000000 0.000000 1.000000 0.000000 -1.051850 2.849245 0.920776 1.000000 1.000000 0.000000 0.000000 0.000000 0.000000 1.000000 0.000000 0.000000 0.000000 0.000000 1.000000 0.000000 0.000000 0.000000 0.000000 1.000000
R_knee_pole_loc R_knee_ctrl _ 0.000000 -0.994874 -0.101119 0.000000 0.000000 -0.101119 0.994874 0.000000 -1.000000 0.000000 0.000000 0.000000 0.000000 0.000000 0.000000 1.000000 1.000000 0.000000 0.000000 0.000000 0.000000 1.000000 0.000000 0.000000 0.000000 0.000000 1.000000 0.000000 0.000000 0.000000 0.000000 1.000000
L_knee_ctrl body _ 1.000000 0.000000 0.000000 0.000000 0.000000 1.000000 0.000000 0.000000 0.000000 0.000000 1.000000 0.000000 0.983900 1.313946 0.864972 1.000000 1.000000 0.000000 0.000000 0.000000 0.000000 1.000000 0.000000 0.000000 0.000000 0.000000 1.000000 0.000000 0.000000 0.000000 0.000000 1.000000
L_knee_pole_loc L_knee_ctrl _ 0.000000 -0.994874 -0.101119 0.000000 0.000000 -0.101119 0.994874 0.000000 -1.000000 0.000000 0.000000 0.000000 0.000000 0.000000 0.000000 1.000000 1.000000 0.000000 0.000000 0.000000 0.000000 1.000000 0.000000 0.000000 0.000000 0.000000 1.000000 0.000000 0.000000 0.000000 0.000000 1.000000
R_elbow_ctrl body _ 1.000000 0.000000 0.000000 0.000000 0.000000 1.000000 0.000000 0.000000 0.000000 0.000000 1.000000 0.000000 -0.551242 3.378497 -1.223001 1.000000 1.000000 0.000000 0.000000 0.000000 0.000000 1.000000 0.000000 0.000000 0.000000 0.000000 1.000000 0.000000 0.000000 0.000000 0.000000 1.000000
R_arm_pole_loc R_elbow_ctrl _ 0.035332 0.000000 0.000000 0.000000 0.000000 0.035332 0.000000 0.000000 0.000000 0.000000 0.035332 0.000000 0.000000 0.000000 0.000000 1.000000 1.000000 0.000000 0.000000 0.000000 0.000000 1.000000 0.000000 0.000000 0.000000 0.000000 1.000000 0.000000 0.000000 0.000000 0.000000 1.000000
L_elbow_ctrl body _ 1.000000 0.000000 0.000000 0.000000 0.000000 1.000000 0.000000 0.000000 0.000000 0.000000 1.000000 0.000000 1.126633 3.383702 -1.249853 1.000000 1.000000 0.000000 0.000000 0.000000 0.000000 1.000000 0.000000 0.000000 0.000000 0.000000 1.000000 0.000000 0.000000 0.000000 0.000000 1.000000
L_arm_pole_loc L_elbow_ctrl _ 0.035000 0.000000 0.000000 0.000000 0.000000 0.035000 0.000000 0.000000 0.000000 0.000000 0.035000 0.000000 0.000000 0.000000 0.000000 1.000000 1.000000 0.000000 0.000000 0.000000 0.000000 1.000000 0.000000 0.000000 0.000000 0.000000 1.000000 0.000000 0.000000 0.000000 0.000000 1.000000
L_foot_ctrl body _ 1.000000 -0.000000 0.000000 0.000000 0.000000 0.780537 0.625109 0.000000 -0.000000 -0.625109 0.780537 0.000000 0.503632 1.111455 -0.583137 1.000000 1.000000 0.000000 0.000000 0.000000 0.000000 1.000000 0.000000 0.000000 0.000000 0.000000 1.000000 0.000000 0.000000 0.000000 0.000000 1.000000
L_leg_ik L_foot_ctrl _ 1.000000 0.000000 0.000000 0.000000 0.000000 1.000000 0.000000 0.000000 0.000000 0.000000 1.000000 0.000000 -0.002757 0.263510 -0.174937 1.000000 1.000000 0.000000 0.000000 0.000000 0.000000 1.000000 0.000000 0.000000 0.000000 0.000000 1.000000 0.000000 0.000000 0.000000 0.000000 1.000000
ikHandle6 L_foot_ctrl _ 1.000000 0.000000 0.000000 0.000000 0.000000 1.000000 0.000000 0.000000 0.000000 0.000000 1.000000 0.000000 0.011769 0.059813 0.143896 1.000000 1.000000 0.000000 0.000000 0.000000 0.000000 1.000000 0.000000 0.000000 0.000000 0.000000 1.000000 0.000000 0.000000 0.000000 0.000000 1.000000
R_foot_ctrl body _ 1.000000 -0.000000 0.000000 0.000000 0.000000 0.946196 0.323594 0.000000 -0.000000 -0.323594 0.946196 0.000000 -0.525242 1.118435 -0.493973 1.000000 1.000000 0.000000 0.000000 0.000000 0.000000 1.000000 0.000000 0.000000 0.000000 0.000000 1.000000 0.000000 0.000000 0.000000 0.000000 1.000000
R_leg_ik R_foot_ctrl _ 1.000000 0.000000 0.000000 0.000000 0.000000 0.999997 0.002298 0.000000 0.000000 -0.002298 0.999997 0.000000 0.002260 0.264939 -0.170181 1.000000 1.000000 0.000000 0.000000 0.000000 0.000000 1.000000 0.000000 0.000000 0.000000 0.000000 1.000000 0.000000 0.000000 0.000000 0.000000 1.000000
ikHandle7 R_foot_ctrl _ 1.000000 0.000000 0.000000 0.000000 0.000000 1.000000 0.000000 0.000000 0.000000 0.000000 1.000000 0.000000 -0.007926 0.060092 0.148081 1.000000 1.000000 0.000000 0.000000 0.000000 0.000000 1.000000 0.000000 0.000000 0.000000 0.000000 1.000000 0.000000 0.000000 0.000000 0.000000 1.000000
girl_root_ctrl body _ 1.000000 -0.000000 0.000000 0.000000 0.000000 0.968817 0.247778 0.000000 -0.000000 -0.247778 0.968817 0.000000 0.000000 3.103451 -0.730559 1.000000 1.000000 0.000000 0.000000 0.000000 0.000000 1.000000 0.000000 0.000000 0.000000 0.000000 1.000000 0.000000 0.000000 0.000000 0.000000 1.000000
hip_ctrl girl_root_ctrl _ 1.000000 0.000000 0.000000 0.000000 0.000000 0.957211 -0.289391 0.000000 0.000000 0.289391 0.957211 0.000000 0.000000 -0.092525 -0.014450 1.000000 1.000000 0.000000 0.000000 0.000000 0.000000 1.000000 0.000000 0.000000 0.000000 0.000000 1.000000 0.000000 0.000000 0.000000 0.000000 1.000000
cluster_A hip_ctrl _ 1.000000 0.000000 0.000000 0.000000 0.000000 1.000000 0.000000 0.000000 0.000000 0.000000 1.000000 0.000000 0.033410 -3.035443 0.012227 1.000000 1.000000 0.000000 0.000000 0.000000 0.000000 1.000000 0.000000 0.000000 0.000000 0.000000 1.000000 0.000000 0.000000 0.000000 0.000000 1.000000
spine_B_ctrl girl_root_ctrl _ -0.000000 0.998543 -0.053965 0.000000 0.000000 0.053965 0.998543 0.000000 1.000000 0.000000 -0.000000 0.000000 0.000000 0.359272 0.094893 1.000000 1.000000 0.000000 0.000000 0.000000 0.000000 1.000000 0.000000 0.000000 0.000000 0.000000 1.000000 0.000000 0.000000 0.000000 0.000000 1.000000
cluster_B spine_B_ctrl _ 0.000000 0.000000 1.000000 0.000000 0.998543 0.053966 0.000000 0.000000 -0.053966 0.998543 0.000000 0.000000 -3.472916 -0.282723 0.000000 1.000000 1.000000 0.000000 0.000000 0.000000 0.000000 1.000000 0.000000 0.000000 0.000000 0.000000 1.000000 0.000000 0.000000 0.000000 0.000000 1.000000
spine_C_ctrl spine_B_ctrl _ 0.984562 -0.175038 0.000000 0.000000 0.175038 0.984562 0.000000 0.000000 0.000000 0.000000 1.000000 0.000000 0.293785 0.031819 0.013160 1.000000 1.000000 0.000000 0.000000 0.000000 0.000000 1.000000 0.000000 0.000000 0.000000 0.000000 1.000000 0.000000 0.000000 0.000000 0.000000 1.000000
cluster_C spine_C_ctrl _ 0.000000 0.000000 1.000000 0.000000 0.973681 0.227915 0.000000 0.000000 -0.227915 0.973681 0.000000 0.000000 -3.653493 -0.969002 0.000000 1.000000 1.000000 0.000000 0.000000 0.000000 0.000000 1.000000 0.000000 0.000000 0.000000 0.000000 1.000000 0.000000 0.000000 0.000000 0.000000 1.000000
chest_ctrl spine_C_ctrl _ 1.000000 0.000000 0.000000 0.000000 0.000000 1.000000 0.000000 0.000000 0.000000 0.000000 1.000000 0.000000 0.309616 0.000000 0.000000 1.000000 1.000000 0.000000 0.000000 0.000000 0.000000 1.000000 0.000000 0.000000 0.000000 0.000000 1.000000 0.000000 0.000000 0.000000 0.000000 1.000000
cluster_chest chest_ctrl _ 0.007125 0.002489 0.999972 0.000000 0.976678 0.214578 -0.007493 0.000000 -0.214590 0.976704 -0.000902 0.000000 -3.975872 -0.914715 0.030604 1.000000 1.000000 0.000000 0.000000 0.000000 0.000000 1.000000 0.000000 0.000000 0.000000 0.000000 1.000000 0.000000 0.000000 0.000000 0.000000 1.000000
head_ctrl chest_ctrl _ 0.999907 -0.012229 -0.006017 0.000000 0.010260 0.966011 -0.258296 0.000000 0.008971 0.258210 0.966047 0.000000 0.347793 0.035689 -0.015728 1.000000 1.000000 0.000000 0.000000 0.000000 0.000000 1.000000 0.000000 0.000000 0.000000 0.000000 1.000000 0.000000 0.000000 0.000000 0.000000 1.000000
wheel_rear_loc side_lean_loc _ 1.000000 0.000000 0.000000 0.000000 0.000000 1.000000 0.000000 0.000000 0.000000 0.000000 1.000000 0.000000 0.000000 0.980000 -2.243000 1.000000 1.000000 0.000000 0.000000 0.000000 0.000000 1.000000 0.000000 0.000000 0.000000 0.000000 1.000000 0.000000 0.000000 0.000000 0.000000 1.000000
wheel_rear wheel_rear_loc mesh wheel_rearShape motor_mat 1.000000 -0.000000 0.000000 0.000000 0.000000 0.983178 0.182648 0.000000 -0.000000 -0.182648 0.983178 0.000000 -0.007154 0.000000 0.025874 1.000000 1.000000 0.000000 0.000000 0.000000 0.000000 1.000000 0.000000 0.000000 0.000000 0.000000 1.000000 0.000000 0.000000 0.000000 0.000000 1.000000
rear_ground_level biker_root _ 1.000000 0.000000 0.000000 0.000000 0.000000 1.000000 0.000000 0.000000 0.000000 0.000000 1.000000 0.000000 0.000000 0.000000 -2.243000 1.000000 1.000000 0.000000 0.000000 0.000000 0.000000 1.000000 0.000000 0.000000 0.000000 0.000000 1.000000 0.000000 0.000000 0.000000 0.000000 1.000000
front_ground_level biker_root _ 1.000000 0.000000 0.000000 0.000000 0.000000 1.000000 0.000000 0.000000 0.000000 0.000000 1.000000 0.000000 0.000000 0.000000 2.073234 1.000000 1.000000 0.000000 0.000000 0.000000 0.000000 1.000000 0.000000 0.000000 0.000000 0.000000 1.000000 0.000000 0.000000 0.000000 0.000000 1.000000
L_hand_sticky_loc global_ctrl _ 0.212614 -0.015877 0.977007 0.000000 0.014275 0.999812 0.013141 0.000000 -0.977032 0.011153 0.212801 0.000000 1.045363 1.541931 0.598770 1.000000 1.000000 0.000000 0.000000 0.000000 0.000000 1.000000 0.000000 0.000000 0.000000 0.000000 1.000000 0.000000 0.000000 0.000000 0.000000 1.000000
L_hand_ctrl L_hand_sticky_loc _ 0.998411 -0.004668 0.056161 0.000000 0.003926 0.999904 0.013314 0.000000 -0.056217 -0.013072 0.998333 0.000000 0.014505 0.020570 0.067312 1.000000 1.000000 0.000000 0.000000 0.000000 0.000000 1.000000 0.000000 0.000000 0.000000 0.000000 1.000000 0.000000 0.000000 0.000000 0.000000 1.000000
L_hand_grp L_hand_ctrl _ 1.000000 0.000000 0.000000 0.000000 0.000000 1.000000 0.000000 0.000000 0.000000 0.000000 1.000000 0.000000 -2.102487 -4.003748 -0.159814 1.000000 1.000000 0.000000 0.000000 0.000000 0.000000 1.000000 0.000000 0.000000 0.000000 0.000000 1.000000 0.000000 0.000000 0.000000 0.000000 1.000000
L_hand_ctrl_ikHandle8 L_hand_ctrl _ 0.999992 0.003926 0.000290 0.000000 -0.003922 0.999904 -0.013315 0.000000 -0.000343 0.013314 0.999911 0.000000 -0.227212 0.052269 -0.042959 1.000000 1.000000 0.000000 0.000000 0.000000 0.000000 1.000000 0.000000 0.000000 0.000000 0.000000 1.000000 0.000000 0.000000 0.000000 0.000000 1.000000
R_hand_sticky_loc global_ctrl _ 0.167685 0.012059 -0.985767 0.000000 -0.006407 -0.999891 -0.013321 0.000000 -0.985820 0.008550 -0.167590 0.000000 -1.050053 1.582497 0.652329 1.000000 1.000000 0.000000 0.000000 0.000000 0.000000 1.000000 0.000000 0.000000 0.000000 0.000000 1.000000 0.000000 0.000000 0.000000 0.000000 1.000000
R_hand_ctrl R_hand_sticky_loc _ 0.999295 -0.022600 0.029972 0.000000 0.022058 0.999590 0.018269 0.000000 -0.030373 -0.017595 0.999384 0.000000 -0.000596 0.024021 -0.068487 1.000000 1.000000 0.000000 0.000000 0.000000 0.000000 1.000000 0.000000 0.000000 0.000000 0.000000 1.000000 0.000000 0.000000 0.000000 0.000000 1.000000
R_hand_ctrl_ikHandle8 R_hand_ctrl _ 0.999992 0.003945 0.000324 0.000000 0.003940 -0.999903 0.013346 0.000000 0.000377 -0.013345 -0.999911 0.000000 0.226713 -0.052270 0.042967 1.000000 1.000000 0.000000 0.000000 0.000000 0.000000 1.000000 0.000000 0.000000 0.000000 0.000000 1.000000 0.000000 0.000000 0.000000 0.000000 1.000000
xActor_bike_dust_rear _ _
bike_dust_emitter_r xActor_bike_dust_rear emitter bike_dust_emitter_r -0.799442 0.000000 -0.297404 0.000000 0.000000 1.000000 0.000000 0.000000 0.297404 0.000000 -0.799442 0.000000 5.838061 -5.115463 -67.612556 1.000000 1.000000 0.000000 0.000000 0.000000 0.000000 1.000000 0.000000 0.000000 0.000000 0.000000 1.000000 0.000000 0.000000 0.000000 0.000000 1.000000
xActor_faronk _ _
faronk_world_pos xActor_faronk _ 1.000000 0.000000 0.000000 0.000000 0.000000 1.000000 0.000000 0.000000 0.000000 0.000000 1.000000 0.000000 3.984114 -5.792409 -44.147640 1.000000 1.000000 0.000000 0.000000 0.000000 0.000000 1.000000 0.000000 0.000000 0.000000 0.000000 1.000000 0.000000 0.000000 0.000000 0.000000 1.000000
faronk_fa1 faronk_world_pos _ 1.000000 0.000000 0.000000 0.000000 0.000000 1.000000 0.000000 0.000000 0.000000 0.000000 1.000000 0.000000 3.241294 1.631242 -0.872420 1.000000 1.000000 0.000000 0.000000 0.000000 0.000000 1.000000 0.000000 0.000000 0.000000 0.000000 1.000000 0.000000 0.000000 0.000000 0.000000 1.000000
faronk_0 faronk_fa1 mesh faronk_0Shape faronk_mat 1.000000 0.000000 0.000000 0.000000 0.000000 1.000000 0.000000 0.000000 0.000000 0.000000 1.000000 0.000000 -7.200203 4.190412 45.666000 1.000000 1.000000 0.000000 0.000000 0.000000 0.000000 1.000000 0.000000 0.000000 0.000000 0.000000 1.000000 0.000000 0.000000 0.000000 0.000000 1.000000
faronk_fa2 faronk_world_pos _ 1.000000 0.000000 0.000000 0.000000 0.000000 1.000000 0.000000 0.000000 0.000000 0.000000 1.000000 0.000000 -3.691143 0.433053 -0.187859 1.000000 1.000000 0.000000 0.000000 0.000000 0.000000 1.000000 0.000000 0.000000 0.000000 0.000000 1.000000 0.000000 0.000000 0.000000 0.000000 1.000000
faronk_1 faronk_fa2 mesh faronk_Shape1 faronk_mat 1.000000 0.000000 0.000000 0.000000 0.000000 1.000000 0.000000 0.000000 0.000000 0.000000 1.000000 0.000000 -0.267766 5.388601 44.981441 1.000000 1.000000 0.000000 0.000000 0.000000 0.000000 1.000000 0.000000 0.000000 0.000000 0.000000 1.000000 0.000000 0.000000 0.000000 0.000000 1.000000
faronk_fa3 faronk_world_pos _ 1.000000 0.000000 0.000000 0.000000 0.000000 1.000000 0.000000 0.000000 0.000000 0.000000 1.000000 0.000000 -2.357358 2.605267 1.873738 1.000000 1.000000 0.000000 0.000000 0.000000 0.000000 1.000000 0.000000 0.000000 0.000000 0.000000 1.000000 0.000000 0.000000 0.000000 0.000000 1.000000
faronk_2 faronk_fa3 mesh faronk_Shape2 faronk_mat 1.000000 0.000000 0.000000 0.000000 0.000000 1.000000 0.000000 0.000000 0.000000 0.000000 1.000000 0.000000 -1.601551 3.216387 42.919842 1.000000 1.000000 0.000000 0.000000 0.000000 0.000000 1.000000 0.000000 0.000000 0.000000 0.000000 1.000000 0.000000 0.000000 0.000000 0.000000 1.000000
